cq.ct.6610000.xyz:443#多伦多-【重庆 · 中国电信-优选】
fj.ct.6610000.xyz:443#都柏林 · WAR-【福建 · 中国电信-优选】
gd.cm.6610000.xyz:443#多伦多-【广东 · 中国移动-优选】
gd.ct.6610000.xyz:443#阿什本-【广东 · 中国电信-优选】
gx.ct.6610000.xyz:443#多伦多-【广西 · 中国电信-优选】
gx.ct.v6.6610000.xyz:443#蒙特利尔-【广西 · 中国电信-优选】
gz.cu.6610000.xyz:443#多伦多-【贵州 · 中国联通-优选】
gz.cu.v6.6610000.xyz:443#蒙特利尔-【贵州 · 中国联通-优选】
ha.cm.6610000.xyz:443#Anycast · 优选-【河南 · 中国移动-优选】
ha.ct.6610000.xyz:443#Anycast · 优选-【河南 · 中国电信-优选】
js.cu.6610000.xyz:443#多伦多-【江苏 · 中国联通-优选】
jx.cu.6610000.xyz:443#多伦多-【江西 · 中国联通-优选】
ln.cu.6610000.xyz:443#多伦多-【辽宁 · 中国联通-优选】
sc.ct.6610000.xyz:443#多伦多-【四川 · 中国电信-优选】
sd.ct.6610000.xyz:443#阿什本-【山东 · 中国电信-优选】
sh.cm.6610000.xyz:443#多伦多-【上海 · 中国移动-优选】
sh.cu.6610000.xyz:443#多伦多-【上海 · 中国联通-优选】
sx.cm.6610000.xyz:443#Anycast · 优选-【陕西 · 中国移动-优选】
sx.ct.6610000.xyz:443#多伦多-【陕西 · 中国电信-优选】
sx.cu.v6.6610000.xyz:443#蒙特利尔-【陕西 · 中国联通-优选】
tj.cm.6610000.xyz:443#多伦多-【天津 · 中国移动-优选】
yn.ct.6610000.xyz:443#阿什本-【云南 · 中国电信-优选】
zj.cm.6610000.xyz:443#多伦多-【浙江 · 中国移动-优选】
zj.cm.v6.6610000.xyz:443#蒙特利尔-【浙江 · 中国移动-优选】